sol = 1.7249
Constructing accumData with properties:
    solution: 1.7248558780149654
    stage: done
    prevN: [128]
    nextN: [128]
    timeUsed: 0.005984306335449219
    nSamplesUsed: [128]
    confidInt: [1.72326958 1.72644218]
    costF: [0.00175754]
    _timeStart: 1560977699.8768892
    J: 16
    muhat: [1.7345347  1.72478632 1.71768277 1.72420679 1.72535773 1.71339321
                1.72251067 1.72897762 1.71722704 1.72443056 1.72383042 1.72427942
                1.72309994 1.73049514 1.73684124 1.72604048]
    mu2hat: [1.72485588]
    sig2hat: [0.00580621]
    flags: [0.]

sol = 11.5190
Constructing accumData with properties:
    solution: 11.518991898070654
    stage: done
    prevN: [1024 1024 1024]
    nextN: [1024 1024 1024]
    timeUsed: 0.18748807907104492
    nSamplesUsed: [1024 1024 1024]
    confidInt: [11.51874461 11.51923918]
    costF: [0.01506706 0.04124385 0.12863123]
    _timeStart: 1560977699.8848836
    J: 16
    muhat: [0.20870977 0.21012926 0.21016736 0.21041651 0.20742176 0.20944522
                0.21003624 0.20949814 0.20901713 0.20860385 0.20969348 0.20918765
                0.20948051 0.20813846 0.20826373 0.2061979 ]
    mu2hat: [10.47594742  0.83401905  0.20902544]
    sig2hat: [0.00176905 0.00150042 0.0010831 ]
    flags: [0. 0. 0.]

