sol = -0.5521
Constructing accumData with properties:
    solution: -0.5520698539052169
    stage: done
    prevN: [32768]
    nextN: [32768]
    timeUsed: 1.0893657207489014
    nSamplesUsed: [32768]
    confidInt: [-0.56528663 -0.53885308]
    costF: [0.36931319]
    _timeStart: 1560621510.6688669
    J: 16
    muhat: [-1.25616524 -0.8720035  -0.56838784 -0.97683499  0.27747262 -1.58169484
                -1.61791471  0.24193315 -0.73106645  1.0828923  -0.54815489 -1.68560021
                -0.81120588 -0.00274482  0.2833461  -0.06698847]
    mu2hat: [-0.55206985]
    sig2hat: [0.77402013]
    flags: [1.]

sol = 22.6361
Constructing accumData with properties:
    solution: 22.636055729656064
    stage: done
    prevN: [32768 32768 32768]
    nextN: [32768 32768 32768]
    timeUsed: 16.60935688018799
    nSamplesUsed: [32768 32768 32768]
    confidInt: [22.54860155 22.72350991]
    costF: [0.55664506 1.2039218  3.91159272]
    _timeStart: 1560621511.7602277
    J: 16
    muhat: [ 3.48816220e+00  9.95883256e-01  2.31480261e+00  2.52364350e-01
                 2.07831341e+00 -1.94689746e+00 -9.72216406e-04 -6.73572111e-01
                 1.57454464e+00 -1.64557292e+00  2.25477758e+00 -1.36330855e+00
                 1.50918610e+00  2.53007268e+00  2.40785806e+00  7.47004251e-01]
    mu2hat: [20.42508046  1.3033099   0.90766537]
    sig2hat: [3.49693041 3.38112334 1.60326408]
    flags: [1. 1. 1.]

